NGTS_ID     Gaia_ID             RA             Dec     NGTS_mag G_mag BP_mag RP_mag Ks_mag   GmK   SpT  mult amp_data amp_GP   P_GP     P_GPue    P_GPle     P_LS     P_GACF  method  P_adopt 
    626  2321422436144254464  00:06:53.699  -28:31:08.255  11.87  12.25  12.64  11.71  10.66   1.59  G8    --   17.78   15.33   5.37994   0.02861   0.02901   5.36998   5.37530  GP     5.37994 
   1221  2333096436428744192  00:01:08.420  -28:36:56.806  11.15  11.49  11.82  11.03  10.20   1.29  G0    --   15.95   20.85   3.03852   0.01165   0.01176   2.97678   3.03410  GP     3.03852 
   1283  2333061733093062784  00:03:38.490  -28:37:25.335  11.71  12.07  12.44  11.54  10.57   1.49  G5    --   34.00   34.08   5.02679   0.02690   0.02528   4.95986   5.00120  GP     5.02679 
   2442  2321365197116041984  00:09:14.695  -28:47:13.643  15.44  16.01  17.22  14.93  12.57   3.44  M2.5  --   36.83   21.43   2.11056   0.00080   0.00080   2.11170   2.11025  GP     2.11056 
   2895  2333042143747087616  00:04:02.367  -28:51:22.382  15.87  16.39  17.70  15.25  12.83   3.56  M3    --   79.78   65.67   1.64759   0.00035   0.00033   1.64787   1.64900  GP     1.64759 
   3201  2321349700873987712  00:07:29.909  -28:53:41.825  14.84  15.45  16.61  14.37  12.09   3.36  M2    c    42.15   38.92   0.32369   0.00005   0.00004   0.32363   0.32364  GP     0.32369 
   3450  2321022630524596736  00:05:56.387  -28:56:10.291  11.01  11.34  11.65  10.89  10.12   1.22  F9    --   21.75   18.67   3.10021   0.01852   0.01888   3.19632   3.14590  GP     3.10021 
   3723  2321019228910500864  00:06:54.315  -28:58:28.160  13.95  14.42  15.18  13.57  11.76   2.66  K6    --   22.98   20.05   6.98666   0.07929   0.07880   6.92922   6.93060  GP     6.98666 
   4124  2320972018629984384  00:06:55.585  -29:01:52.517  12.42  12.91  13.38  12.22  10.77   2.14  K3    c    23.41   21.64   6.93064   0.05036   0.04814   6.88627   6.96600  GP     6.93064 
   4702  2332964632472270592  23:59:05.756  -29:06:36.676  15.50  16.11  17.36  15.01  12.66   3.45  M2.5  --   37.60   21.39   1.26534   0.00054   0.00090   1.26389   1.26493  GP     1.26534 
   4735  2321004866539735680  00:03:58.430  -29:06:48.872  15.90  16.51  17.87  15.36  12.92   3.58  M3    --   61.88   42.37   1.19420   0.00047   0.00049   1.19428   1.19556  GP     1.19420 
   4846  2332965216587822464  23:58:55.678  -29:07:33.992  12.53  12.98  13.48  12.34  10.92   2.06  K3    c    32.65   32.49   1.16438   0.00112   0.00125   1.16898   1.16795  GP     1.16438 
   5076  2320989851334122752  00:04:54.072  -29:09:10.699  11.92  13.08  13.22  12.00  10.29   2.79  K7    c    68.95   54.34   1.55893   0.03577   0.03149   1.93032   1.97300  GP     1.55893 
   5363  2332951438332812160  23:59:29.244  -29:11:38.158  14.47  14.99  15.89  14.06  12.01   2.98  K9    --   70.54   66.12   2.70509   0.00190   0.00193   2.70610   2.70900  GP     2.70509 
   5862  2320987549231653888  00:04:34.814  -29:15:19.849  12.28  12.67  13.11  12.08  10.92   1.75  K0    --   16.99   16.38   6.38175   0.04343   0.04522   6.43548   6.38010  GP     6.38175 
   6001  2320987858469300864  00:05:00.949  -29:16:08.658  12.26  12.67  13.12  12.08  10.91   1.76  K0    --   13.06   15.20   6.79839   0.04021   0.03634   6.82941   6.93060  GP     6.79839 
   6051  2333005451841565056  00:02:48.684  -29:16:40.254  15.85  16.49  18.09  15.27  12.67   3.83  M4    c    63.86   43.45   0.35901   0.00110   0.00096   0.35551   0.35563  GACF   0.35563 
   6278  2333005344467248768  00:02:48.773  -29:18:42.202  11.80  12.18  12.57  11.64  10.59   1.59  G8    --   22.51   20.20   5.26442   0.04609   0.04229   5.20561   5.29200  GP     5.26442 
   6292  2320959820922837760  00:06:17.762  -29:18:40.308  11.52  11.89  12.24  11.39  10.44   1.44  G3    --   18.45   17.39   4.53201   0.01218   0.01224   4.52757   4.55110  GP     4.53201 
   6461  2321136155100043520  00:08:38.450  -29:19:43.292  14.56  15.13  16.07  14.17  12.09   3.04  M0    --   52.80   52.37   4.14420   0.00536   0.00534   4.14154   4.13740  GP     4.14420 
   6650  2320994592977961216  00:03:06.484  -29:21:43.949  11.18  11.51  11.83  11.05  10.21   1.30  G0    --   14.38   12.37   3.36032   0.02330   0.02318   3.44631   3.39640  GP     3.36032 
   6655  2332954427629986048  23:57:57.092  -29:21:40.138  12.18  12.61  13.12  11.96  10.50   2.11  K3    c    23.59   22.92   6.08095   0.06806   0.07333   6.22988   6.20610  GP     6.08095 
   6897  2332909347653323136  00:02:18.006  -29:24:05.199  13.26  13.74  14.37  13.01  11.43   2.31  K4    --   16.62   17.25   9.39168   0.05983   0.05744   9.44925   9.48150  GP     9.39168 
   7039  2332907487931865728  00:01:13.985  -29:25:18.092  11.88  12.22  12.61  11.68  10.65   1.58  G7    --   19.88   20.09   5.61339   0.03900   0.04007   5.63995   5.59560  GP     5.61339 
   7061  2320990980909779968  00:03:19.769  -29:25:28.603  12.21  12.61  13.05  12.03  10.90   1.72  G9    --   19.67   19.30   6.38669   0.02152   0.02022   6.38676   6.41000  GP     6.38669 
   7182  2320981394542904192  00:04:54.544  -29:26:27.899  14.56  15.09  16.01  14.16  12.18   2.91  K9    --   25.22   17.89  10.77166   0.13253   0.14176  10.62680  10.66670  GP    10.77166 
   7217  2320978512620414080  00:04:00.799  -29:26:46.156  11.99  12.38  12.80  11.82  10.71   1.67  G9    --   30.34   27.61   5.63879   0.01830   0.01672   5.62827   5.61870  GP     5.63879 
   7314  2320989954413282304  00:03:29.616  -29:27:38.186  14.83  15.36  16.39  14.36  12.26   3.10  M0.5  --   31.97   29.42   7.63727   0.04892   0.06790   7.70706   7.67040  GP     7.63727 
   7654  2320895774370830464  00:03:11.565  -29:30:15.160  15.53  16.12  17.48  14.96  12.54   3.58  M3    c    52.70   39.02   2.72253   0.00175   0.00154   2.72297   2.71980  GP     2.72253 
   7670  2320933157765826560  00:05:18.358  -29:30:05.447  10.87  11.21  11.60  10.70   9.66   1.55  G7    c    25.17   24.95   0.85993   0.00389   0.00342   0.84780   5.85980  GP     0.85993 
   7757  2320932951607396992  00:05:20.308  -29:30:55.940  14.61  15.16  16.10  14.20  12.10   3.05  M0    --   26.78   23.86   5.83534   0.02838   0.02760   5.92758   5.91050  GP     5.83534 
   8007  2320973839695997824  00:04:05.699  -29:33:03.777  14.15  14.69  15.58  13.77  11.77   2.93  K9    c    22.43   29.45  10.41800   0.09497   0.11207  10.74492  10.42240  GP    10.41800 
   8116  2320927007372603648  00:04:58.600  -29:33:47.594  11.10  11.41  11.73  10.95  10.09   1.31  G0    --   22.13   18.41   2.89051   0.01685   0.01630   2.84410   2.89270  GP     2.89051 
   8299  2320927484113278976  00:04:39.506  -29:35:19.728  12.77  13.18  13.70  12.52  11.13   2.05  K3    --   26.30   27.29   7.45707   0.07862   0.07603   7.61707   7.54330  GP     7.45707 
   8749  2320916768170630912  00:05:59.016  -29:39:04.517  11.19  11.52  11.85  11.06  10.19   1.33  G1    --   27.39   25.26   3.07041   0.00818   0.00804   3.07290   3.07510  GP     3.07041 
   8811  2320881377640416640  00:02:51.079  -29:39:45.445  13.86  14.28  15.01  13.45  11.58   2.70  K6.5  --   74.71   81.08   1.18205   0.00073   0.00071   1.18279   1.18312  GP     1.18205 
   8947  2320875467765417984  00:02:47.165  -29:40:49.781  15.72  16.29  17.71  15.12  12.61   3.68  M3.5  c    57.34   35.08   0.33726   0.00055   0.00065   0.33850   4.55110  LS     0.33850 
   8989  2332876705901848704  00:00:52.967  -29:41:08.530  14.26  15.61  16.91  14.46  12.04   3.58  M3    c    18.28   12.62   5.26814   0.00872   0.00911   5.25983   5.23120  GP     5.26814 
   8993  2320924464751966720  00:04:43.509  -29:41:04.547  13.02  13.45  14.03  12.75  11.26   2.19  K3.5  --   49.54   39.75   5.61325   0.05060   0.03917   5.71842   5.64187  GP     5.61325 
   9063  2320924155514321536  00:04:38.583  -29:41:43.163  15.50  16.09  17.31  14.99  12.64   3.45  M2.5  --   63.76   54.74   0.72636   0.00010   0.00008   0.72625   0.72629  GP     0.72636 
   9188  2320886222363524992  00:02:11.661  -29:41:39.217  11.39  11.73  12.07  11.24  10.33   1.40  G2    --   19.92   18.68   3.90646   0.02472   0.02295   3.88382       ---  GP     3.90646 
   9443  2320874054720005248  00:03:06.827  -29:44:46.361  14.11  14.60  15.41  13.72  11.83   2.77  K7    --   36.09   36.67   5.86404   0.02035   0.02179   5.83817   5.85980  GP     5.86404 
   9539  2320829975471863168  00:04:21.686  -29:45:29.810  13.03  13.50  14.09  12.80  11.35   2.16  K3    --   18.07   16.47   8.33480   0.05205   0.05229   8.32707   8.37630  GP     8.33480 
   9681  2320862200611102848  00:01:46.446  -29:46:38.498  11.76  12.08  12.47  11.53  10.41   1.66  G9    c    28.14   33.26   2.34444   0.00701   0.00739   2.35688   2.34590  GP     2.34444 
   9731  2320908178235983360  00:05:17.520  -29:46:57.099  12.78  13.22  13.75  12.55  11.14   2.08  K3    --   49.02   47.05   7.44654   0.06765   0.06590   7.64343   7.62760  GP     7.44654 
   9739  2320873749778503552  00:02:48.191  -29:46:34.564  13.15  13.47  14.03  12.77  11.32   2.15  K3    --   50.20   37.08   7.78248   0.07446   0.04813   7.73373   7.93800  GP     7.78248 
   9825  2320863922893254656  00:00:49.984  -29:47:50.469  15.77  16.33  17.63  15.21  12.82   3.50  M3    --   50.68   29.17   1.62803   0.00091   0.00090   1.62863   1.62976  GP     1.62803 
   9986  2320872650266808192  00:02:14.667  -29:49:03.805  12.64  13.14  13.67  12.48  11.10   2.03  K2.5  --   35.93   30.75   4.44713   0.03196   0.03239   4.33175   4.44730  GP     4.44713 
   9992  2320734867715638144  00:09:08.023  -29:48:28.004  12.37  12.84  13.32  12.22  10.92   1.92  K2    r    27.59   29.48   6.71008   0.03959   0.03784   6.68471   6.72580  GP     6.71008 
  10020  2326879660246374272  23:58:28.447  -29:49:08.145  11.39  11.77  12.12  11.28  10.36   1.42  G2    --   17.10   19.80   4.00494   0.01851   0.01796   3.95148   3.99220  GP     4.00494 
  10029  2320869897192498432  00:03:20.576  -29:49:22.480  10.84  11.13  11.43  10.71   9.96   1.17  F8    --   11.63   10.99   2.52226   0.01479   0.01430   2.52023   2.52840  GP     2.52226 
  10182  2320860074602561408  00:01:22.805  -29:50:36.332  12.15  12.61  13.08  12.00  10.64   1.97  K2.5  c   152.92  137.48   0.40712   0.00007   0.00006   0.40734   0.40733  GP     0.40712 
  10246  2320872272309687808  00:02:18.527  -29:51:08.162  12.35  12.73  13.20  12.12  10.84   1.89  K2    --   35.82   32.95   6.73474   0.08649   0.08839   6.93400   6.86100  GP     6.73474 
  10294  2320906872565926528  00:05:26.825  -29:51:20.358  12.05  12.43  12.86  11.86  10.75   1.68  G9    --    7.64    6.29   6.93842   0.15901   0.15179   6.37794   7.11110  GP     6.93842 
  10348  2320903883268688896  00:05:34.766  -29:51:46.914  15.96  16.49  17.85  15.35  12.96   3.53  M3    --   47.52   22.15   1.77876   0.00465   0.00419   1.78043   1.78155  GP     1.77876 
  10446  2320871447675969664  00:02:25.864  -29:52:39.042  15.13  15.64  16.73  14.60  12.39   3.26  M1    --   30.21   20.48   2.18994   0.00382   0.00419   2.19500   2.18800  GP     2.18994 
  10520  2320707964040441856  00:07:45.142  -29:52:50.734  15.50  16.07  17.30  14.98  12.74   3.33  M2    --   32.20   14.20   3.66440   0.00770   0.00776   3.66738   3.69010  GP     3.66440 
  10537  2320903848908950656  00:05:30.898  -29:53:08.093  10.84  11.13  11.42  10.72   9.99   1.14  F7    --    6.54    4.79   3.24059   0.04192   0.04557   3.27455   3.26630  GP     3.24059 
  10659  2326864473241905152  23:59:30.614  -29:54:03.541  14.60  15.19  16.17  14.22  12.09   3.10  M0.5  --   48.34   41.66   2.69305   0.00192   0.00172   2.69304   2.69830  GP     2.69305 
  10702  2320812486365053696  00:05:14.362  -29:54:23.679  11.73  12.14  12.61  11.54  10.28   1.87  K1.5  cr   15.48   14.81   6.26562   0.06002   0.06111   6.18699   6.26300  GP     6.26562 
  10725  2320867633745079168  00:02:51.494  -29:54:49.251  15.44  15.99  17.21  14.92  12.62   3.37  M2    --   40.68   29.17   3.79459   0.00574   0.00672   3.80153   3.81380  GP     3.79459 
  10781  2320821797854098816  00:03:24.643  -29:55:14.590  13.27  13.76  14.38  13.02  11.48   2.28  K3.5  --   41.12   38.42   8.52955   0.08122   0.07984   8.74569   8.61410  GP     8.52955 
  10890  2320847533296914560  00:02:19.698  -29:56:07.271  13.29  14.05  14.54  12.92  11.05   3.00  M0    c    33.57   29.87   6.18315   0.12652   0.07528   6.36913   6.35040  GP     6.18315 
  10931  2320821694774884096  00:03:24.151  -29:56:22.811  13.94  14.46  15.25  13.60  11.73   2.73  K6.5  --   28.85   25.86   7.07960   0.02700   0.02558   7.09880   7.11110  GP     7.07960 
  11045  2320902234001248256  00:05:35.486  -29:57:06.272  11.79  12.41  12.84  11.75  10.26   2.15  K3    cr   26.61   22.07   5.98600   0.07934   0.07464   5.79797   6.01470  GP     5.98600 
  11156  2320822863006024832  00:04:12.505  -29:58:02.039  13.48  14.21  15.14  13.27  11.22   2.99  M0    c    19.86   19.51   0.25946   0.00001   0.00001   0.25944   0.25946  GP     0.25946 
  11209  2320817159289455104  00:04:03.987  -29:58:26.320  12.52  12.87  13.36  12.25  10.92   1.94  K2    --   26.72   30.56   6.32708   0.03012   0.02520   6.68009   6.59580  GP     6.32708 
  11417  2320704768584775552  00:07:37.659  -29:59:46.676  14.23  14.75  15.62  13.82  11.76   2.99  M0    c    26.36   24.21   0.34284   0.00009   0.00009   0.34297   0.34289  GP     0.34284 
  11679  2320713049281688704  00:06:04.272  -30:02:11.786  14.78  15.32  16.30  14.34  12.21   3.11  M0.5  --   32.88   32.03   3.00403   0.00382   0.00352   3.00571   3.00730  GP     3.00403 
  11843  2320807641641939712  00:05:10.917  -30:03:41.092  15.88  16.44  17.80  15.30  12.88   3.55  M3    --   65.77   48.52   2.05906   0.00180   0.00183   2.05841   2.03170  GP     2.05906 
  11872  2320816231576490496  00:03:50.138  -30:03:55.513  10.64  10.94  11.21  10.54   9.84   1.09  F6    r     7.33    6.39   4.61618   0.06893   0.05559   0.98969   4.55110  GP     4.61618 
  11963  2320838943363481984  00:01:39.828  -30:04:38.261  13.90  14.30  15.04  13.47  11.62   2.68  K6    --   67.40   64.84   2.16578   0.00231   0.00253   2.17087   2.15350  GP     2.16578 
  11974  2320842551136015872  00:02:28.165  -30:04:43.240  12.26  12.71  13.28  12.01  10.51   2.20  K3.5  c    51.79   47.56   5.45766   0.01530   0.01413   5.45976   5.46130  GP     5.45766 
  11982  2320795031617857152  00:02:56.359  -30:04:44.629  11.69  12.15  12.64  11.51  10.16   1.99  K2.5  cr   23.65   22.30   3.22208   0.01004   0.00964   3.24303   3.23540  GP     3.22208 
  11998  2320803724631758336  00:04:27.358  -30:04:57.526  15.60  16.18  17.67  14.97  12.53   3.64  M3.5  c    37.93   19.09   0.28325   0.00012   0.00012   0.28323   7.54330  GP     0.28325 
  12025  2320701019077983744  00:07:31.410  -30:04:49.436  15.00  15.60  16.70  14.55  12.35   3.25  M1    --   33.38   23.85   3.01714   0.00708   0.00775   3.02864   3.00730  GP     3.01714 
  12097  2326866942847101824  23:57:52.345  -30:05:17.726  11.40  11.98  12.36  11.45  10.40   1.58  G7    c    39.14   35.13   2.76998   0.01776   0.01701   2.71546   2.76380  GP     2.76998 
  12168  2320841520343862400  00:01:53.402  -30:06:12.657  14.48  15.09  16.04  14.13  12.05   3.04  M0    --   16.15    9.86   1.97249   0.00227   0.00227   1.97210   1.96840  GP     1.97249 
  12169  2320709647667590784  00:06:16.324  -30:05:56.994  11.24  11.58  11.91  11.11  10.25   1.33  G1    --   18.14   19.20   5.05339   0.02376   0.02186   5.03930   5.05680  GP     5.05339 
  12180  2320700095660360704  00:07:40.901  -30:05:57.277  15.07  15.65  16.76  14.60  12.37   3.27  M1.5  --   40.14   33.17   0.42566   0.00005   0.00006   0.42576   0.42560  GP     0.42566 
  12231  2320615983021130752  00:05:54.696  -30:06:25.664  11.61  11.98  12.36  11.46  10.48   1.51  G5    --   21.04   20.48   4.80126   0.01838   0.01900   4.79809   4.80750  GP     4.80126 
  12254  2320794413142569344  00:02:54.158  -30:06:55.822  15.58  16.15  17.48  15.00  12.65   3.50  M3    c    36.85   16.46   0.56292   0.00035   0.00031   0.56332   1.29201  GP     0.56292 
  12255  2320805580057632768  00:04:56.043  -30:06:52.872  15.25  15.83  16.99  14.76  12.48   3.35  M2    --   32.11   22.22   4.79825   0.01893   0.01777   4.81802   4.84160  GP     4.79825 
  12456  2320793897745374208  00:02:21.615  -30:08:21.428  10.33  10.62  10.87  10.23   9.60   1.01  F5    --    5.82    5.80   0.95574   0.00623   0.00612   0.94820  10.58400  GP     0.95574 
  12489  2320617116892496256  00:05:28.987  -30:08:31.902  12.78  13.21  13.75  12.54  11.11   2.10  K3    --   19.24   17.22   7.33008   0.04208   0.03393   7.34830   7.62760  GP     7.33008 
  12524  2320696762765711360  00:06:34.030  -30:08:46.041  15.64  16.20  17.48  15.09  12.75   3.45  M2.5  --   40.43   20.00   2.33692   0.00303   0.00299   2.33581   2.31410  GP     2.33692 
  12559  2320793691588062464  00:02:24.244  -30:09:08.687  14.77  15.33  16.33  14.32  12.23   3.10  M0.5  --   27.25   21.35   5.88189   0.01749   0.01671   5.88270   5.88510  GP     5.88189 
  12602  2320697484320217728  00:06:57.743  -30:09:17.146  14.28  14.86  15.74  13.94  11.93   2.94  K9    --   59.25   68.39   0.94394   0.00032   0.00033   0.94362   0.94340  GP     0.94394 
  12641  2320617529209321728  00:04:58.805  -30:09:41.439  11.00  11.32  11.63  10.88  10.08   1.24  F9    --   23.36   21.48   2.66293   0.00754   0.00708   2.64876   2.66670  GP     2.66293 
  12648  2320802075364296960  00:03:44.359  -30:09:53.783  15.48  16.04  17.23  14.97  12.71   3.33  M2    --   36.10   17.14   1.31355   0.00101   0.00090   1.31375   1.31408  GP     1.31355 
  12687  2326851240446766592  23:59:08.504  -30:09:56.930  15.57  16.18  17.44  15.07  12.79   3.39  M2    --   35.78   16.64   2.35236   0.00564   0.00433   2.35200   2.44680  GP     2.35236 
  12744  2314847253531620864  23:59:18.352  -30:10:16.355  12.02  12.42  12.84  11.86  10.77   1.65  G9    --   22.98   23.24   5.77742   0.01496   0.01412   5.82206   5.80990  GP     5.77742 
  12805  2320790289973970432  00:03:10.784  -30:10:48.677  10.88  11.17  11.47  10.75   9.97   1.20  F9    --   20.29   15.82   2.17484   0.00735   0.00705   2.17087   2.16720  GP     2.17484 
  12886  2320611584974584448  00:04:52.532  -30:11:28.080  15.03  15.55  16.63  14.52  12.28   3.28  M1.5  --   30.63   30.51   1.75715   0.00153   0.00165   1.75236   1.76002  GP     1.75715 
  12962  2320834304798813568  00:01:56.899  -30:12:07.742  14.33  14.89  15.77  13.96  11.96   2.93  K9    --   20.59   15.93   9.71634   0.11320   0.08057   9.93802  10.00240  GP     9.71634 
  13005  2320833445805349760  00:01:28.660  -30:12:20.737  10.43  10.73  10.98  10.34   9.67   1.06  F6    --    5.57    4.54   1.42191   0.00462   0.00443   1.41650   1.41687  GP     1.42191 
  13071  2320833372790628480  00:01:33.183  -30:12:59.378  11.98  12.37  12.78  11.82  10.73   1.64  G8    --   34.81   33.48   5.39813   0.01856   0.01810   5.39229   5.39660  GP     5.39813 
  13299  2320692502158156672  00:07:05.646  -30:14:31.942  14.80  15.27  16.25  14.29  12.18   3.09  M0    --   69.37   69.05   4.15575   0.00338   0.00320   4.15300   4.16260  GP     4.15575 
  13302  2320798639390461056  00:04:31.632  -30:14:41.433  11.20  11.56  11.88  11.10  10.23   1.33  G1    --   17.50   15.62   3.63033   0.02622   0.02493   3.52091   3.63120  GP     3.63033 
  13403  2320788331468887040  00:03:00.521  -30:15:43.852  14.58  15.11  16.05  14.15  12.10   3.01  M0    --   33.12   32.74   1.15307   0.00073   0.00078   1.15374   1.15401  GP     1.15307 
  13417  2320777469496305024  00:03:33.660  -30:15:43.753  11.97  12.33  12.73  11.78  10.73   1.60  G8    --   22.30   25.41   5.60965   0.04317   0.04193   5.45599   5.66530  GP     5.60965 
  13463  2320777267633186688  00:03:48.034  -30:16:12.830  15.90  16.49  17.85  15.34  12.97   3.52  M3    --   66.57   42.10   1.44851   0.00061   0.00061   1.44816   1.44901  GP     1.44851 
  13480  2314830902591420416  00:00:39.328  -30:16:18.645  15.60  16.17  17.41  15.07  12.78   3.38  M2    --   36.19   10.26   1.24426   0.00070   0.00069   1.24397   5.07560  GP     1.24426 
  13575  2320774278335949952  00:03:54.500  -30:17:01.441  12.57  13.06  13.67  12.33  10.75   2.31  K4    c    10.10    8.21   8.64254   0.15330   0.10331   9.83556   8.60183  GP     8.64254 
  13587  2320797539878825472  00:03:58.426  -30:17:03.372  14.09  15.04  16.18  13.99  11.75   3.30  M1.5  c    21.73   14.60   5.15880   0.00852   0.00887   5.15907   5.17170  GP     5.15880 
  13588  2320786544762486016  00:01:52.148  -30:17:09.457  14.47  15.01  15.91  14.06  12.03   2.97  K9    --   27.65   26.51   7.67512   0.04573   0.04517   7.61181   7.62760  GP     7.67512 
  13788  2320606121776189824  00:05:25.493  -30:18:35.432  14.63  15.19  16.16  14.21  12.12   3.07  M0    --   28.06   23.01   4.85167   0.01316   0.01288   4.84472   4.85880  GP     4.85167 
  14065  2320605949977498240  00:05:17.811  -30:20:45.162  15.53  16.13  17.39  15.02  12.73   3.40  M2.5  --   37.08   22.62   1.64159   0.00139   0.00159   1.64218       ---  GP     1.64159 
  14186  2320550046683235328  00:07:02.189  -30:21:17.877  11.22  11.59  11.92  11.11  10.22   1.36  G1    --   20.21   18.48   3.45726   0.01460   0.01444   3.46540   3.48300  GP     3.45726 
  14442  2320780566168018688  00:02:11.798  -30:23:32.143  14.09  14.61  15.44  13.74  11.84   2.78  K7    --   40.33   43.14   6.74961   0.02874   0.02723   6.62952   6.75910  GP     6.74961 
  14707  2320584406421507456  00:04:07.663  -30:25:40.521  15.36  15.96  17.38  14.78  12.32   3.64  M3.5  c    44.31   28.65   0.31528   0.00138   0.00125   0.31200   0.31194  GACF   0.31194 
  14826  2320779604095346688  00:02:13.223  -30:26:34.173  15.59  16.19  17.66  14.99  12.50   3.69  M3.5  c    45.52   25.35   0.73040   0.00017   0.00017   0.73027   2.73070  GP     0.73040 
  15008  2314824374241137408  00:00:53.400  -30:27:52.931  14.97  15.58  16.68  14.53  12.27   3.30  M1.5  --   54.08   49.23   0.38354   0.00004   0.00004   0.38358   0.38355  GP     0.38354 
  15264  2320591205353715712  00:05:08.211  -30:29:41.908  11.47  11.85  12.21  11.34  10.40   1.45  G3    --   29.19   26.73   4.05989   0.00985   0.00935   4.05939   4.06350  GP     4.05989 
  15270  2320638179411803520  00:07:49.708  -30:29:23.306  11.79  12.21  12.60  11.67  10.62   1.59  G8    --   24.08   20.03   5.27995   0.03264   0.03100   5.27075   5.27160  GP     5.27995 
  15279  2320602926320492672  00:04:50.873  -30:29:55.370  14.25  14.76  15.61  13.84  11.72   3.05  M0    c   184.96  178.17   0.25696   0.00001   0.00001   0.25695   0.25700  GP     0.25696 
  15321  2314832689297893120  23:59:15.690  -30:30:00.251  13.75  14.27  15.03  13.44  11.64   2.63  K6    --   26.79   29.55   7.44729   0.02664   0.02763   7.48148   7.46080  GP     7.44729 
  15588  2314809255956328192  23:59:03.101  -30:32:00.502  13.90  14.45  15.24  13.60  11.66   2.79  K7    --   18.03   20.39   6.66300   0.02131   0.01916   6.58388   6.66020  GP     6.66300 
  15618  2320766684833726592  00:02:16.894  -30:32:26.861  11.64  12.03  12.41  11.51  10.47   1.56  G7    --   27.04   23.20   4.98365   0.02424   0.02291   4.91212   4.98300  GP     4.98365 
  15926  2320540803913561088  00:06:17.219  -30:34:31.575  14.33  14.94  15.83  14.02  11.95   2.99  M0    --   35.51   35.33   6.18603   0.02218   0.02085   6.28174   6.26300  GP     6.18603 
  16461  2314771219725893120  00:01:31.406  -30:38:54.047  14.91  15.52  16.73  14.41  12.09   3.43  M2.5  c    48.25   45.47   0.30942   0.00006   0.00006   0.30963   0.30965  GP     0.30942 
  16794  2320572827189658240  00:03:23.360  -30:41:22.931  13.38  14.01  14.62  13.06  11.24   2.77  K7    c    27.49   27.81   5.66759   0.02679   0.02576   5.71052   5.68890  GP     5.66759 
  17146  2319857319997858944  00:10:31.172  -30:43:00.032  15.03  15.63  16.76  14.57  12.32   3.32  M1.5  --   32.11   21.87   1.72861   0.00156   0.00151   1.72832   1.74150  GP     1.72861 
  17424  2320558082565935744  00:04:00.467  -30:46:21.302  12.47  12.91  13.40  12.29  10.99   1.92  K2    --   17.26   16.34   7.07229   0.03203   0.03319   6.97725   6.89560  GP     7.07229 
  17980  2320523967641801088  00:07:38.503  -30:50:25.812  14.32  14.88  15.75  13.97  11.99   2.89  K8    --   65.53   61.77   2.32107   0.00148   0.00147   2.32133   2.32200  GP     2.32107 
  18207  2314565542331796992  00:02:17.035  -30:52:35.788  15.31  15.87  17.01  14.81  12.52   3.34  M2    --   45.62   38.90   4.11706   0.00590   0.00585   4.12441   4.13740  GP     4.11706 
  20343  2314530976435086080  00:01:13.508  -31:10:15.695  15.79  16.43  17.77  15.28  12.89   3.54  M3    --   57.70   38.17   1.06180   0.00412   0.00492   1.06807   1.07034  LS     1.06807 
